1,4
1,18
1,20
1,38
1,40
1,42
1,46
1,48
1,50
1,56
1,60
1,72
1,80
1,88
1,92
1,94
2,18
2,32
2,39
2,42
2,48
2,50
2,52
2,56
2,60
2,62
2,74
2,78
2,80
2,86
2,96
3,12
3,17
3,25
3,34
3,42
3,44
3,49
3,56
3,58
3,60
3,62
3,70
3,72
3,80
3,96
4,4
4,8
4,12
4,14
4,43
4,45
4,49
4,74
4,78
4,85
5,4
5,6
5,8
5,12
5,14
5,28
5,37
5,43
5,50
5,64
5,68
5,72
5,74
6,16
6,24
6,26
6,28
6,30
6,32
6,34
6,44
6,51
6,64
6,66
6,68
6,72
6,78
6,82
7,6
7,8
7,14
7,24
7,30
7,32
7,36
7,40
7,44
7,54
7,56
7,65
7,74
7,76
7,80
8,6
8,8
8,16
8,30
8,34
8,53
8,64
8,73
8,75
8,77
8,80
8,82
8,90
8,92
9,6
9,14
9,18
9,30
9,32
9,47
9,56
9,62
9,64
9,72
9,74
9,80
9,82
9,86
10,4
10,6
10,14
10,26
10,36
10,54
10,57
10,70
10,72
10,78
10,86
10,90
10,92
11,6
11,8
11,10
11,12
11,18
11,20
11,37
11,49
11,53
11,56
11,58
11,73
11,78
11,84
11,91
11,93
11,96
12,4
12,6
12,8
12,10
12,16
12,18
12,20
12,48
12,58
12,60
12,62
12,74
12,76
12,78
12,80
12,92
12,96
13,7
13,9
13,18
13,21
13,23
13,25
13,36
13,78
13,80
13,87
13,89
13,92
14,4
14,8
14,28
14,30
14,34
14,36
14,42
14,54
14,62
14,66
14,77
14,90
15,2
15,7
15,18
15,20
15,24
15,28
15,30
15,32
15,46
15,58
15,68
15,70
15,84
15,92
16,8
16,10
16,16
16,19
16,23
16,28
16,32
16,34
16,53
16,55
16,64
16,66
16,71
17,10
17,16
17,23
17,29
17,31
17,38
17,40
17,54
17,56
17,64
17,70
17,84
18,14
18,18
18,22
18,25
18,38
18,43
18,49
18,58
18,64
18,66
18,70
18,75
18,90
19,18
19,22
19,27
19,29
19,39
19,48
19,52
19,54
19,60
19,69
19,72
19,74
20,22
20,42
20,50
20,53
20,56
20,67
20,72
20,74
21,7
21,9
21,12
21,16
21,22
21,24
21,29
21,31
21,34
21,36
21,38
21,52
21,66
21,73
21,86
22,8
22,13
22,23
22,35
22,38
22,41
22,66
22,70
22,73
22,82
22,86
22,88
22,92
22,96
23,2
23,20
23,37
23,39
23,61
23,63
23,70
23,74
23,83
23,86
23,88
23,96
24,11
24,13
24,25
24,38
24,40
24,46
24,57
24,61
24,63
24,69
24,71
24,80
24,82
24,84
24,88
24,90
24,94
25,4
25,12
25,14
25,16
25,40
25,42
25,46
25,69
25,71
25,75
25,77
25,79
25,81
26,5
26,11
26,14
26,16
26,32
26,34
26,36
26,42
26,47
26,56
26,77
26,79
26,81
26,84
27,11
27,32
27,34
27,36
27,38
27,43
27,45
27,48
27,84
28,18
28,31
28,33
28,35
28,37
28,42
28,44
28,46
28,48
28,55
28,60
28,64
28,86
28,96
29,2
29,20
29,26
29,28
29,38
29,58
29,72
29,85
29,90
29,96
30,26
30,57
30,59
30,82
30,84
30,90
31,4
31,90
32,6
32,13
32,22
32,28
32,51
32,83
32,88
32,92
33,6
33,24
33,26
33,33
33,44
33,50
33,54
33,90
34,4
34,8
34,17
34,19
34,28
34,32
34,44
34,49
34,54
34,68
34,75
34,81
34,89
35,2
35,8
35,17
35,44
35,48
35,50
35,52
35,57
35,83
35,90
35,96
36,2
36,8
36,16
36,23
36,47
36,50
36,63
36,65
36,70
36,72
36,76
36,78
37,2
37,18
37,35
37,42
37,44
37,50
37,60
37,62
37,76
37,81
37,92
37,94
38,41
38,59
38,62
38,76
38,82
39,2
39,8
39,15
39,20
39,34
39,52
39,64
39,75
39,84
39,88
39,96
40,6
40,8
40,17
40,19
40,22
40,33
40,44
40,48
40,61
40,63
40,66
40,70
40,80
40,87
40,91
40,93
40,96
41,16
41,46
41,55
41,64
41,68
41,70
41,76
41,87
42,2
42,8
42,14
42,27
42,29
42,34
42,39
42,50
42,64
42,96
43,2
43,7
43,28
43,41
43,46
43,48
43,50
43,56
43,72
43,77
44,47
44,50
44,52
44,56
44,60
44,72
44,93
45,47
45,49
45,58
45,68
45,71
45,93
46,31
46,33
46,39
46,50
46,52
46,65
46,77
46,89
47,8
47,14
47,16
47,21
47,38
47,40
47,42
47,45
47,50
47,60
47,62
47,66
47,72
47,78
47,80
47,90
47,92
48,4
48,14
48,16
48,20
48,24
48,27
48,36
48,38
48,40
48,42
48,48
48,50
48,56
48,58
48,60
48,62
48,66
48,78
48,80
48,82
48,88
48,94
