1,4
1,9
1,14
1,16
1,18
1,38
1,40
1,42
1,46
1,48
1,50
1,52
1,56
1,60
1,72
1,80
1,88
1,92
1,94
2,8
2,16
2,18
2,32
2,37
2,39
2,42
2,46
2,50
2,52
2,54
2,56
2,58
2,60
2,62
2,64
2,66
2,74
2,78
2,80
2,86
2,96
3,8
3,10
3,12
3,34
3,37
3,40
3,42
3,49
3,62
3,64
3,66
3,70
3,72
3,80
3,96
4,4
4,8
4,11
4,66
4,68
4,74
4,78
4,85
5,2
5,4
5,6
5,11
5,31
5,42
5,48
5,64
5,74
6,32
6,34
6,42
6,68
6,72
6,78
6,82
7,4
7,6
7,28
7,47
7,49
7,54
7,69
7,71
7,73
7,75
7,80
8,5
8,13
8,16
8,21
8,23
8,27
8,39
8,72
8,74
8,76
8,78
8,80
8,82
8,90
8,92
9,6
9,18
9,24
9,27
9,30
9,38
9,50
9,71
9,74
9,76
9,80
9,82
9,84
9,86
10,4
10,6
10,12
10,23
10,25
10,36
10,40
10,48
10,70
10,75
10,77
10,79
10,86
10,90
10,92
11,4
11,6
11,18
11,20
11,37
11,42
11,60
11,64
11,70
11,74
11,78
11,89
11,91
11,93
11,96
12,2
12,4
12,16
12,19
12,21
12,26
12,38
12,45
12,57
12,60
12,64
12,66
12,78
12,80
12,82
12,84
12,96
13,18
13,21
13,23
13,32
13,54
13,58
13,64
13,67
13,82
13,87
13,96
14,4
14,14
14,31
14,33
14,51
14,53
14,57
14,59
14,65
15,2
15,7
15,10
15,14
15,20
15,24
15,30
15,32
15,60
15,65
15,92
16,7
16,9
16,14
16,16
16,18
16,23
16,33
16,38
16,49
16,53
16,55
16,60
16,64
16,70
17,8
17,10
17,16
17,22
17,26
17,37
17,39
17,46
17,53
17,60
17,64
17,90
18,7
18,10
18,14
18,20
18,25
18,38
18,43
18,46
18,50
18,52
18,64
18,66
18,68
18,85
18,87
18,92
19,8
19,18
19,28
19,30
19,32
19,36
19,38
19,45
19,48
19,52
19,54
19,66
19,85
19,96
20,29
20,32
20,34
20,36
20,38
20,42
20,50
20,52
20,61
20,67
20,84
20,86
20,88
20,96
21,8
21,12
21,16
21,26
21,28
21,34
21,36
21,47
21,58
21,68
21,75
21,83
21,86
21,88
21,95
22,6
22,8
22,13
22,28
22,30
22,34
22,38
22,40
22,42
22,64
22,66
22,68
22,70
22,83
22,85
23,2
23,7
23,20
23,28
23,38
23,46
23,54
23,60
23,70
23,75
23,82
24,10
24,12
24,28
24,40
24,42
24,55
24,57
24,68
24,70
24,80
24,82
24,90
25,4
25,7
25,11
25,16
25,28
25,45
25,67
25,69
25,83
25,90
26,11
26,16
26,24
26,42
26,45
26,57
26,59
26,66
26,68
26,73
27,15
27,30
27,34
27,36
27,42
27,44
27,52
27,56
27,58
27,82
27,88
28,9
28,22
28,36
28,38
28,47
28,55
28,70
28,72
28,82
28,88
28,96
29,2
29,20
29,28
29,43
29,46
29,50
29,55
29,63
29,70
29,73
29,85
29,88
29,90
29,96
30,26
30,32
30,44
30,46
30,48
30,53
30,55
30,60
30,62
30,72
30,74
30,82
30,89
31,6
31,14
31,24
31,32
31,34
31,44
31,50
31,56
31,62
31,68
31,92
32,13
32,32
32,40
32,62
32,73
32,83
32,96
33,2
33,4
33,11
33,24
33,26
33,28
33,32
33,50
33,54
33,70
34,4
34,25
34,27
34,30
34,32
34,36
34,70
34,74
34,76
35,2
35,21
35,26
35,32
35,34
35,48
35,76
36,2
36,16
36,20
36,34
36,40
36,48
36,50
36,53
36,64
36,75
36,77
37,2
37,16
37,18
37,20
37,33
37,37
37,47
37,49
37,51
37,57
37,60
37,62
37,64
37,80
37,83
38,16
38,21
38,40
38,58
38,60
38,62
38,72
38,78
38,81
38,87
39,2
39,21
39,50
39,52
39,64
39,74
39,80
40,6
40,13
40,18
40,21
40,33
40,39
40,42
40,50
40,56
40,66
40,80
40,94
40,96
41,17
41,19
41,38
41,46
41,50
41,57
41,64
41,78
41,80
41,88
41,90
41,96
42,2
42,16
42,19
42,28
42,30
42,32
42,38
42,40
42,62
42,70
42,80
42,87
42,89
42,92
42,96
43,2
43,5
43,27
43,29
43,38
43,41
43,43
43,45
43,50
43,66
43,80
43,84
43,90
43,92
44,9
44,57
44,80
44,85
44,90
44,92
45,8
45,10
45,47
45,49
45,68
45,74
45,86
45,88
45,92
46,8
46,36
46,50
46,64
46,72
46,76
47,8
47,20
47,41
47,43
47,50
47,56
47,60
47,62
47,66
47,84
47,92
48,4
48,16
48,20
48,24
48,26
48,39
48,41
48,43
48,48
48,50
48,54
48,58
48,60
48,66
48,78
48,82
48,88
48,94
